9.081478546200452140e-01 4.724958401520770040e-02
nan 1.476718278837751974e-01
1.062471265422236799e+00 nan
nan 1.604228688111039927e-02
9.990790898546536569e-01 -7.623250989733229566e-02
1.027607137411076232e+00 -3.763438830737030061e-02
nan 5.854364701558739670e-02
nan 1.804349015930435118e-01
nan 5.714299348676470103e-02
1.020371395133633508e+00 8.995745131155069574e-02
1.124869741619745067e+00 nan
nan 6.660268056480750376e-02
1.132971890320003006e+00 7.548428110916639844e-02
1.092066553921049232e+00 -4.890470436585320213e-02
nan 7.490334189287689570e-02
1.075363115686928550e+00 1.174773526664207035e-01
1.038970479903825073e+00 1.592448572596389111e-01
1.013264700475167146e+00 nan
9.105592961558847120e-01 nan
nan 1.624257325279649111e-01
nan -4.117924393218300172e-03
8.627795185736740757e-01 nan
nan 4.946342265222240103e-02
9.330903044381583245e-01 1.136645300155512961e-01
9.980697915230987149e-01 6.448863259945959714e-02
9.608376441328656536e-01 nan
nan 1.920595983039289079e-01
nan 1.204008928322066047e-01
8.183958158038666664e-01 2.345541082056024074e-01
9.953918622774592384e-01 1.746918127122626119e-01
8.851151463668057717e-01 nan
nan 7.275796129997369466e-02
nan 2.081221041893082935e-01
9.545184801726943613e-01 1.311295860130227975e-01
nan 1.552796998558940086e-02
nan 1.465184491642789952e-02
9.305357746762901172e-01 1.265752617673019109e-01
1.021982728149282371e+00 1.256568152395821092e-01
9.254340162882767062e-01 1.151119432380812019e-01
9.142372973672803216e-01 1.824508853071372116e-01
9.014450330151287938e-01 nan
nan 7.366659057726250570e-02
9.086451204884720134e-01 nan
1.084087260580008261e+00 1.112805811624346941e-01
9.434478484298942647e-01 1.248258634470777034e-01
nan 2.572819641224544096e-01
9.152699039772492773e-01 1.442316539085314875e-01
1.045537340806449444e+00 2.248279870622257037e-01
nan 4.697712336267519800e-02
9.228349602318453027e-01 1.584227646719910121e-01
nan 2.086870243072483089e-01
1.041527625932775036e+00 2.758316035551831025e-01
1.056785817825969476e+00 nan
9.233563951993202235e-01 nan
nan 9.378010227677370525e-02
1.068754505622516948e+00 nan
nan 1.301625259610940111e-01
9.708287544843239303e-01 nan
9.949809794363912996e-01 nan
9.666063148732602084e-01 2.219450634766103880e-01
1.050270921967691340e+00 1.757266480928950103e-01
9.657682791153581192e-01 1.624717936643806926e-01
9.829660652282122824e-01 nan
9.537644425119253810e-01 3.291960064204197955e-01
1.038503560487736621e+00 2.786973803253334769e-01
1.144080352489985408e+00 2.197210933381678888e-01
9.263403514568141484e-01 1.022161309902971937e-01
9.841416963768098158e-01 1.964258539777080925e-01
nan 1.417633421147534989e-01
8.812738605502727918e-01 1.459794158655557117e-01
nan 1.060570796205131949e-01
9.719277723715997741e-01 2.180506989597860990e-01
nan 2.461546814477746925e-01
8.964434569597294900e-01 3.468649225304836770e-01
1.012624459709140501e+00 nan
1.027536813996237308e+00 2.043338574707395106e-01
9.635621814575759947e-01 2.618989150537900934e-01
nan 3.023298246929175814e-01
nan 2.309058706603444866e-01
1.069362821062252555e+00 3.454647378154628856e-01
nan 2.707785081743310784e-01
9.483862255948644071e-01 4.135905971764110012e-01
9.540866847377806881e-01 nan
1.017146177103300575e+00 1.727255360318042943e-01
9.719289165603349767e-01 nan
nan 2.979991260725666780e-01
1.013667634907932102e+00 3.786921960297013889e-01
1.049767098006599619e+00 nan
9.038261239369921318e-01 2.261137297575019911e-01
1.008458285501375062e+00 2.465658699797783071e-01
9.622006740737866215e-01 3.162930258030196007e-01
nan 2.238980671884777118e-01
9.493465554946216578e-01 nan
nan 1.916969140514339920e-01
8.093608116790546037e-01 2.045069345857017107e-01
9.551226675932010801e-01 3.937441394486850266e-01
9.750642475211444005e-01 3.180079743153890748e-01
8.639867802018250664e-01 3.559420585628972900e-01
nan 2.200993214924608921e-01
nan 3.569802429685591250e-01
1.025306840592035140e+00 2.315718485121918968e-01
9.317601890525468722e-01 2.397762999060679134e-01
nan 3.817306397198140244e-01
nan 3.145191688776621808e-01
9.711162293096982090e-01 nan
9.747859906904204896e-01 3.620170350918631152e-01
9.672699639329631616e-01 nan
nan 3.060272177908208158e-01
nan 3.567397604033998859e-01
9.223360603930108592e-01 3.193081566394453952e-01
1.043669245960394898e+00 2.796913647680442927e-01
9.357438918945598649e-01 3.555882345612105255e-01
9.497300713559935215e-01 2.485666911893411879e-01
9.336858146997489838e-01 nan
nan 3.098639913620117037e-01
9.791380056542510202e-01 nan
9.650697258490417152e-01 nan
nan 3.323847540715955118e-01
1.027147930254253216e+00 nan
nan 2.655250117905569862e-01
9.993316534312262078e-01 4.861268877480933726e-01
nan 4.718335483575332168e-01
8.808873249274987716e-01 3.395063888271501740e-01
1.033012222900524746e+00 2.219298715555055868e-01
1.057580767383832665e+00 3.584756589052798814e-01
7.926817336546436721e-01 4.273579313180987937e-01
nan 3.200543898793157815e-01
8.923123234885701471e-01 3.391901043741559207e-01
9.340478956546172107e-01 4.238354119351976923e-01
8.302562713815313522e-01 3.892738893271507905e-01
1.014104460415740094e+00 3.982384690972888275e-01
nan 4.975544091376898903e-01
nan 4.067614301450068748e-01
8.647676346653776491e-01 3.865385476584083935e-01
9.001839876808038765e-01 3.363251621701665028e-01
nan 5.540465674236427773e-01
8.548833504799218108e-01 3.923928885786641119e-01
nan 4.292255710300779126e-01
9.868679947450316181e-01 3.169813383687363206e-01
8.904875402801959439e-01 5.690093478787889847e-01
nan 4.229963378540992913e-01
8.902092843683917511e-01 4.258862058415666119e-01
nan 4.393838081666843753e-01
8.862074584639210162e-01 3.943268484179212052e-01
7.762053785848399556e-01 4.159525155525756746e-01
8.348179127628897467e-01 4.356896072948968079e-01
8.149425230571759604e-01 4.952229484243296787e-01
nan 3.484684325998648191e-01
9.211441803220934421e-01 4.545229931905644949e-01
nan 5.013119584265237627e-01
nan 5.528107976924501177e-01
8.036963267175747383e-01 4.535989370340948734e-01
9.466008882283932779e-01 4.206549833666072824e-01
9.147493859755942980e-01 nan
8.864943473194316637e-01 4.231278241651635907e-01
8.067996843136447938e-01 4.410457534989273842e-01
8.033493357922261158e-01 6.379669209397698104e-01
nan 3.350305219569333914e-01
1.092324389384495609e+00 nan
1.043565355662269711e+00 4.517530429049643748e-01
9.032397037099564319e-01 3.543752404064318129e-01
8.401417704794690300e-01 4.782404908070885807e-01
9.127848950659034344e-01 nan
nan 5.385635472408792923e-01
nan 4.545600540435306147e-01
nan 5.139392141444004691e-01
9.509002327315387859e-01 4.381129230287518217e-01
9.667390528083302792e-01 5.343635851307142470e-01
7.549021168013690941e-01 6.153324645762096035e-01
8.377092454712101732e-01 nan
nan 5.766354503320522129e-01
9.039056357481352055e-01 4.218780744530268856e-01
8.848997037044732394e-01 5.258893029772949701e-01
nan 4.166044546088891742e-01
nan 3.912488242681869122e-01
8.257915836054681158e-01 5.208541964347833675e-01
7.939502992638184375e-01 4.488515605360403060e-01
8.843220860480627277e-01 5.564135526450753044e-01
9.983498164645939754e-01 nan
nan 5.201219292311579645e-01
8.574744923051321743e-01 nan
7.980706963083448180e-01 5.705053702254814230e-01
9.978076667168455094e-01 5.872685292511593547e-01
8.344744801374832655e-01 4.977415347851832927e-01
8.464299465372702169e-01 4.523903687198764789e-01
7.465326275790182819e-01 5.707322751816673589e-01
8.001476901487768467e-01 nan
8.476544588766588006e-01 4.634983334829702040e-01
8.202985510338414166e-01 nan
9.018232423120318142e-01 nan
8.222967479807448132e-01 nan
7.290205738337746100e-01 6.231983984600770743e-01
nan 5.203057208119560295e-01
8.268874629226641293e-01 4.542718783536668914e-01
nan 4.738574282968158191e-01
nan 6.145073681432610124e-01
8.305805238543719771e-01 5.431410306689761214e-01
nan 4.971464662343538787e-01
8.303096824977946877e-01 5.702832737405301167e-01
1.004547143196634185e+00 nan
7.971482260004318920e-01 6.799261535986669269e-01
9.019814607836781351e-01 5.118616975854543005e-01
8.124001099434245976e-01 5.784310694717050838e-01
7.991355194582347998e-01 nan
7.183902916577203923e-01 4.335617154592132927e-01
nan 6.162251619759261390e-01
8.584318278142647474e-01 6.819434717822282499e-01
9.106253276665911001e-01 nan
8.894342683391736060e-01 7.122974406526478841e-01
8.482325690471135271e-01 6.701024969947020349e-01
7.771727492285076533e-01 nan
nan 5.523004059426296353e-01
8.759580996047071633e-01 7.172265913269764148e-01
8.056279449382142133e-01 nan
nan 5.653195212056311147e-01
8.969713467718193334e-01 nan
8.536772970512422898e-01 nan
nan 5.334493698265742045e-01
8.168249540444489920e-01 nan
7.510495501518612560e-01 nan
7.385994568615245059e-01 6.130508182385225879e-01
9.172669501455437135e-01 8.057734147086437204e-01
7.668717334178393186e-01 6.228051813541323201e-01
nan 6.807112321042606551e-01
8.020469179808975557e-01 5.933142076690279820e-01
7.340864364559201993e-01 7.116321904675980692e-01
8.978715065868135836e-01 5.933786281756747716e-01
nan 6.600227549821926498e-01
6.532496321626397595e-01 6.948078817909992821e-01
7.932732195520836305e-01 nan
8.480915202665629815e-01 7.186019769871353491e-01
7.987379320718518416e-01 nan
nan 7.155768204242672903e-01
nan 5.854627725931694782e-01
6.992991807279062000e-01 nan
6.601624313403020583e-01 7.552226634392408267e-01
7.518821602934069315e-01 6.106679047602124877e-01
nan 6.675030143672479044e-01
7.629664420728634600e-01 nan
nan 7.320458222060559628e-01
7.017697600855812290e-01 6.138333334107102246e-01
6.295910897858794097e-01 7.785655362830701254e-01
7.147275303480811193e-01 7.586648524783075054e-01
7.022495544624793862e-01 6.836642821046131635e-01
6.912952948513236828e-01 nan
8.190158384078624065e-01 nan
6.203841023534419907e-01 7.631824247550795803e-01
7.182437677969242262e-01 7.317262967518149974e-01
nan 7.027286704036126430e-01
nan 6.740752892067318758e-01
nan 7.378108549359023716e-01
6.501270466994497621e-01 nan
nan 7.718025539470124707e-01
7.045486311593460726e-01 nan
7.989967927617143140e-01 6.152101023108882405e-01
6.206569126357797117e-01 8.060455329629776511e-01
6.840252433527397313e-01 nan
6.883918275945560827e-01 nan
7.071732121660666559e-01 7.189268212722792484e-01
nan 7.570188409165041765e-01
7.966208604259490400e-01 7.580110078792693384e-01
6.332907821531160719e-01 nan
6.017215519156020598e-01 8.194951860478044692e-01
5.916738431227290818e-01 nan
7.202547096421690886e-01 nan
6.169948685651455156e-01 6.668291554021072987e-01
6.939567851304754287e-01 6.680244023537403875e-01
7.199142025263683964e-01 6.927516903041596175e-01
nan 7.173012609685341934e-01
7.888525736579177217e-01 7.795830462125337146e-01
5.957804558408539286e-01 nan
6.885328385608536772e-01 7.670283491990923519e-01
nan 7.895338335508832461e-01
6.204789769837719682e-01 nan
7.551168423290115506e-01 6.971617705611993232e-01
nan 7.007456187878331466e-01
5.789046685988427088e-01 7.813299315028562342e-01
6.934878136963809059e-01 nan
6.297935581852505127e-01 6.615111420913306617e-01
5.275515011720286473e-01 nan
6.039033125579457151e-01 7.098909631563299349e-01
6.516948622384285406e-01 7.062395586187767416e-01
5.586394199563978757e-01 9.144009285036271972e-01
7.747083543070270029e-01 nan
nan 8.190380509330461578e-01
6.851681433396734633e-01 8.870076834552652612e-01
5.706390645612496870e-01 8.639660772951789358e-01
6.118423792435511155e-01 8.140456293622465589e-01
nan 9.735520776783878061e-01
nan 8.880913021851241096e-01
nan 8.068524140827316726e-01
6.200560954647919010e-01 9.321358074206909095e-01
7.046787277416857176e-01 7.641546517853694542e-01
nan 8.481115672731359689e-01
5.658071313365093946e-01 8.498833820344811052e-01
6.540700323403254579e-01 7.403511369819241184e-01
5.267123444859961312e-01 7.865477696352044523e-01
6.119991247402086776e-01 nan
nan 9.149819135462503583e-01
6.244200559162432773e-01 nan
4.733718861092450214e-01 8.695211513312387508e-01
6.299685368528720186e-01 9.135788387967826996e-01
5.325090191407917395e-01 6.142534028858486206e-01
6.777102504792377191e-01 7.756283213923752529e-01
nan 8.769739377010890014e-01
nan 7.821252372547797815e-01
5.947694540740235958e-01 nan
5.986173729593763371e-01 9.003542493579417272e-01
4.821549371475908896e-01 7.503344819827161283e-01
4.314203636834594846e-01 8.018735698346803886e-01
5.856741053049087098e-01 nan
6.133632263656341177e-01 nan
5.629344887762313121e-01 8.205114762442752285e-01
5.874084558328230843e-01 nan
6.002344957375523871e-01 nan
4.767175224169715175e-01 nan
4.698257539227611024e-01 nan
4.324775996968764913e-01 nan
4.985160386219230078e-01 7.978646006771886734e-01
5.007316257199809773e-01 9.694566359507090780e-01
4.568719924604118243e-01 9.718513313980391422e-01
4.581187788950346063e-01 9.210866075800332453e-01
5.421910464496041415e-01 1.007628993124128680e+00
nan 8.273415039113273250e-01
6.446826762602302363e-01 nan
nan 9.243992891006012069e-01
5.032524290927747890e-01 nan
nan 8.073976244713221284e-01
nan 7.736988938989740605e-01
nan 8.474956072211345948e-01
5.330602350276932855e-01 8.788060134741726426e-01
nan 9.366727140002387708e-01
5.212418863071313080e-01 nan
6.262865765174879806e-01 8.162621712364038773e-01
4.243937951025172906e-01 nan
4.248605207947612206e-01 9.691457778949821300e-01
4.059841467960746964e-01 8.636081683132609266e-01
5.034254704250168411e-01 8.672446417361219240e-01
5.013936447044512468e-01 9.264108905059158516e-01
4.644570398278365930e-01 8.567533327172750512e-01
4.460928963006913772e-01 9.119330268330438916e-01
5.691121855227658788e-01 9.001364575118606659e-01
4.247114979948741209e-01 nan
5.321879457124709667e-01 8.155710223758467770e-01
6.124457170705187581e-01 nan
3.784980860308386208e-01 1.026614546413955997e+00
nan 9.012498474883507971e-01
4.645842016643021988e-01 nan
3.641639236633307242e-01 nan
5.339909739980021053e-01 nan
nan 9.970874282824917501e-01
5.339324209287985568e-01 9.648773179562971647e-01
nan 9.597582919780310862e-01
4.917273362797145997e-01 nan
4.226802946153254137e-01 nan
2.982826724795902273e-01 9.230312068165992256e-01
4.722515374396050736e-01 nan
3.886256073193806171e-01 nan
3.742718004651285901e-01 nan
3.417127104714409724e-01 9.040221684893807730e-01
4.287132364965067222e-01 nan
nan 8.416456658947859548e-01
nan 9.985685548186468141e-01
4.241517473354101120e-01 nan
4.442074454734256106e-01 9.142214018215651938e-01
4.435513346552710234e-01 9.454047480629154121e-01
4.029666567725088133e-01 nan
3.860175715927610107e-01 nan
3.943856980457027261e-01 9.629696325521061029e-01
2.960897507793485151e-01 8.647162951487581406e-01
nan 9.107986831007911510e-01
4.599988976099890214e-01 nan
3.581254301277281837e-01 nan
nan 8.324750511859556612e-01
nan 9.981886441114599107e-01
5.253403874178443900e-01 9.344174830354665673e-01
2.124594267907647105e-01 8.807454386239058630e-01
4.169020576820217094e-01 nan
nan 8.340827406622877138e-01
2.334648112912131868e-01 9.006317149659550658e-01
3.227743901925215209e-01 9.514317435870361939e-01
5.188487836381847629e-01 8.849216824663693748e-01
nan 8.762337171802430102e-01
3.668696376253210989e-01 9.237977151414549226e-01
3.198129794221897249e-01 8.352579065842695716e-01
3.691589950571753098e-01 nan
nan 9.942400285632095880e-01
nan 9.028565697493130537e-01
3.484533608715313924e-01 8.984024840939492940e-01
nan 9.334009924408473990e-01
nan 1.008829412191208252e+00
nan 1.046806542003291263e+00
3.173718060310357081e-01 9.283299662940194263e-01
3.593129372067325744e-01 nan
3.061812783629568879e-01 1.026451776973040575e+00
2.870973612695548183e-01 nan
2.485734595245517042e-01 nan
2.535937215809008216e-01 1.060734528697535595e+00
nan 9.143289540947328042e-01
nan 1.100239612402533096e+00
3.894999953434840068e-01 9.936310516409297966e-01
2.998534499492145899e-01 nan
nan 8.733955162381048520e-01
3.255001727325035898e-01 8.899655683797544903e-01
3.202368331035337912e-01 nan
nan 9.354825604752668999e-01
3.491022204601438861e-01 nan
3.539269465691637917e-01 nan
nan 8.203179211502177326e-01
1.300526606282134956e-01 nan
2.229624651759899989e-01 1.085872159009735993e+00
3.798872485282336897e-01 1.020448007324879391e+00
2.666146460818897834e-01 9.277085181246086387e-01
1.910307744981082079e-01 nan
2.369320020968717910e-01 1.238655640756086918e+00
2.369729478064903083e-01 1.073868788695297116e+00
2.647772855911528223e-01 9.072436641069812069e-01
3.605489432472838152e-01 1.024336095445320227e+00
9.395892509563300021e-02 1.023421069254410121e+00
nan 9.175795334568772610e-01
nan 1.013250063299452330e+00
nan 8.850076741228817268e-01
nan 9.498252537233908832e-01
3.005647868615662910e-01 8.961872437344269304e-01
2.538867137130987883e-01 8.822816715058109382e-01
2.768855041541751216e-01 nan
2.293585428656310932e-01 nan
7.580708095899779675e-02 9.025249610976771031e-01
3.132324690310842041e-01 9.959430652523456606e-01
2.233566823181843131e-01 1.040677061937260728e+00
1.432932510947360072e-01 1.016143222078216724e+00
2.003374972097451134e-01 nan
2.822324078061335118e-01 nan
2.623211301562998754e-01 9.935901335868990714e-01
2.882836038885904228e-01 nan
2.302072405471483896e-01 8.362696830427586159e-01
2.132662569200647895e-01 9.901906178278389037e-01
3.319701802764799675e-02 nan
nan 1.062775141557412040e+00
1.868461941444735097e-01 1.072456770376266411e+00
1.525068702862550918e-01 nan
9.143577899600470460e-02 1.093790024317964793e+00
nan 9.493999378347360851e-01
nan 1.010332304387061786e+00
nan 9.152203556292228814e-01
1.216620587442664020e-01 nan
1.999953706501388095e-01 1.047128419288890777e+00
2.104419126454440125e-01 nan
7.881520383065900026e-02 nan
1.011847297588222006e-01 nan
1.269712508135104057e-01 9.818908602911452510e-01
1.918530094905687988e-01 8.746907924143647595e-01
1.548799047373833060e-01 8.976476054550979189e-01
nan 9.540072115553909216e-01
1.847849351835970932e-01 nan
3.454118619718059974e-02 nan
4.594851105263249996e-02 9.627205126771245514e-01
6.720543046334009896e-02 9.721095648975016656e-01
1.742470024023377029e-01 1.088027100641348666e+00
1.115181680541764003e-01 9.580950338312531622e-01
nan 1.228407943977737116e+00
5.489816068125599746e-02 1.074113928437717247e+00
1.298074777769782917e-01 nan
nan 1.053709616792939174e+00
1.328621001782138988e-01 9.819358467051990669e-01
nan 1.074309551163396215e+00
nan 1.043300906007682993e+00
1.001668999688073991e-01 1.096402862154061353e+00
4.674406386813260289e-02 9.910750909646381945e-01
5.733837032872030059e-02 9.875318437302029739e-01
nan 1.022401886144991945e+00
8.881757006564990065e-02 nan
1.278340180387677882e-01 1.038995596331557136e+00
2.174393361896991006e-01 1.086250563835401861e+00
nan 9.721513060459652245e-01
1.068156570961017043e-01 9.498885576180691181e-01
nan 1.062668431981009132e+00
2.028625597321006002e-01 9.981437422598377074e-01
1.104872430669347066e-01 1.121408239865713030e+00
nan 9.505147897418397829e-01
1.817230508697000035e-02 1.039640289238186188e+00
5.977764226171169981e-02 9.958242507693995105e-01
9.423261405802689505e-02 nan
-2.844616343627399870e-03 nan
-3.343254241836800256e-02 nan
nan 1.053769869665842629e+00
nan 1.126919024216085363e+00
5.559840507048319919e-02 1.046223376260118965e+00
-1.771560808186119912e-02 nan
6.155387469746300029e-03 1.123025462364539928e+00
2.935930331459429832e-02 1.195432512122734048e+00
1.267603753543531109e-01 9.518210106867028841e-01
6.504382186259309584e-02 nan
1.060780319799641963e-01 9.069955252744456020e-01
7.791971077762950559e-02 1.010782291282094736e+00
-3.765074030819010042e-02 nan
-1.171581576793831042e-01 nan
-6.349008670621160422e-02 1.049940367643922290e+00
nan 8.660146758804558864e-01
nan 1.102089478448192050e+00
-7.036067792528500307e-03 nan
nan 9.440424186628690872e-01
-8.151920264225150092e-02 1.023843616113857324e+00
1.868495854028279918e-02 nan
nan 8.371794383958417463e-01
-4.528266431611450288e-02 nan
-1.111252137298261028e-01 9.219065711335641122e-01
-2.159745159253330035e-02 nan
nan 9.825143693872646633e-01
nan 1.042282289112624882e+00
-1.093375263354202931e-01 nan
6.557542519447549789e-02 9.603233033321566525e-01
nan 1.069682240579423738e+00
nan 9.987120324680476280e-01
-4.861691267500900353e-03 1.012562059027459105e+00
7.372951300950329745e-02 1.020070614319677604e+00
-1.635733376303533937e-01 9.645581127397737653e-01
nan 9.705364770068650726e-01
-1.034782462086871052e-01 9.562372969054738769e-01
-1.733927711763414981e-01 1.083021002997295534e+00
-1.146589433961234944e-01 1.129392849699487833e+00
-4.043296010153109993e-02 9.709571596978332497e-01
-9.869931813266400594e-03 1.130199122614473195e+00
-5.217067919909840201e-02 nan
-4.724203393628190195e-02 9.792059727707429495e-01
2.097929878736329995e-02 nan
-1.328899869394425115e-01 9.868561333500309729e-01
nan 1.145878447333658290e+00
nan 9.746499628142747396e-01
-3.354862873796000088e-03 9.637139131455026986e-01
-1.056140156089356019e-01 1.034381970498084558e+00
-6.048816258502980048e-02 8.695238307286246027e-01
-1.259991372963971124e-01 1.012403629646845937e+00
nan 1.010459433925437134e+00
nan 9.121734122237774578e-01
-6.851122411446830540e-02 8.982384023546375884e-01
nan 9.977069963769139571e-01
-2.135624789269142954e-01 nan
-9.166994619871569883e-02 1.005634814464498428e+00
-6.497499561759030595e-02 nan
-1.438920724017855035e-01 nan
-1.830251184915863139e-01 nan
-2.341865518391728906e-01 9.848199171519603778e-01
-1.444765222039920138e-01 1.084482586494730505e+00
-6.818581875997159480e-02 1.029690223140580452e+00
-1.564618554873596912e-01 nan
-1.338742873031678882e-01 1.011751171431196195e+00
-6.005344790071479727e-02 nan
-3.671440784638199673e-02 nan
-1.956062551297315932e-01 8.843638266324044261e-01
-1.394709299702669991e-01 1.095024226942069134e+00
-2.840313719347632992e-01 nan
nan 1.017865066545649011e+00
nan 8.941578696087124634e-01
-1.301934739523419038e-01 9.462389841333279650e-01
-2.012715175689379909e-01 8.375854706244210135e-01
-2.305332529019137877e-01 9.979420886423551185e-01
-1.220274316171866963e-01 9.939906732883866392e-01
-1.456891892849936088e-01 9.893678076455799664e-01
nan 1.027737077790962239e+00
nan 9.040693752928494753e-01
nan 1.050849357286717245e+00
nan 1.054413624234691982e+00
-3.258085487324646201e-01 9.390656247294318915e-01
-1.904314131936840071e-01 nan
-1.646246381885453081e-01 9.298694254774276802e-01
-2.531988732594074865e-01 1.091858899789171611e+00
-1.233599606141019961e-01 1.074688160167022177e+00
-2.026559709415023947e-01 nan
nan 9.813877423225699781e-01
-1.958157288899884108e-01 1.056093451042034781e+00
nan 9.299025919845174126e-01
-2.419381626238459038e-01 8.477165972858571319e-01
nan 1.005411482416556757e+00
-1.770708299357058868e-01 9.203293374875347599e-01
-1.887826474084502992e-01 9.353998189814891617e-01
-1.101825236655318008e-01 nan
-2.340382385116094033e-01 nan
-2.159017341676285895e-01 9.746552105448113013e-01
-2.273776318760062920e-01 1.021451937506070884e+00
-2.179405650412445106e-01 9.532586686868173009e-01
nan 1.065717783798313611e+00
-2.578247938269097039e-01 8.951476757152523334e-01
nan 9.656919612222435445e-01
-1.567492296265416973e-01 9.951342193100568556e-01
nan 9.038634008616894810e-01
-1.554595304075281903e-01 1.004191517653886923e+00
-2.820818480064085088e-01 9.687584594476653654e-01
-2.551246723434403840e-01 nan
-2.496933917555544113e-01 9.382439930296745390e-01
-1.753170430578052941e-01 9.482136316897115114e-01
-3.111846553532667259e-01 1.025595881786477870e+00
nan 9.705734832452185268e-01
-2.530364143877880112e-01 1.043822194060293418e+00
-3.000586577819857048e-01 1.029203550182947735e+00
-2.731547984650288807e-01 9.701521922121411068e-01
nan 9.770369130856766393e-01
-4.466769762921075082e-01 8.004934289276759429e-01
-2.121690272213835049e-01 8.262843283056335864e-01
-3.420629489086570163e-01 1.148058568060291940e+00
nan 9.367691991112614414e-01
nan 9.051613996151151031e-01
nan 8.979566578544065925e-01
nan 9.307926027025176241e-01
nan 9.348982129251650619e-01
-4.562768706874055225e-01 nan
nan 9.619053235143482095e-01
nan 9.006026433483709237e-01
nan 9.857677731473847293e-01
nan 9.661519531127500393e-01
-4.003675864113449001e-01 9.632080889012779590e-01
-2.699770824368070143e-01 1.053036175621849813e+00
-3.348710577974846059e-01 nan
nan 8.537571746679371021e-01
-2.850184588034864186e-01 1.034135386349249064e+00
nan 8.276083608071136410e-01
-3.846721885248671202e-01 nan
-3.874304271001394184e-01 9.425873526675778713e-01
nan 9.528073314191567444e-01
-2.771872334295997775e-01 9.070475501223435044e-01
nan 9.285522323847771320e-01
-4.474661442316084092e-01 8.959785223680750699e-01
nan 9.250036562144480223e-01
nan 8.665662240273969141e-01
nan 9.257327235415627742e-01
nan 1.079659107185635625e+00
nan 9.590238461772691014e-01
nan 8.881081347961109485e-01
-3.727021370856650750e-01 nan
nan 8.743985837219523383e-01
-3.393579698181823923e-01 nan
-4.585899498286066245e-01 9.570598069775759775e-01
-4.784455489273192752e-01 8.651316762095933033e-01
nan 1.001357673242954105e+00
-4.435448399437085798e-01 9.229518934415503750e-01
-4.358480324459840793e-01 1.015766286054917922e+00
-3.083169588026036245e-01 8.463170760535639880e-01
nan 8.914510587637253236e-01
-3.485273045672713788e-01 9.528984965349632796e-01
-4.454862341914844759e-01 nan
nan 7.790873054192116731e-01
nan 9.324110325935344168e-01
-3.795788407697853750e-01 8.631612985832652907e-01
nan 8.925303999055225201e-01
nan 9.447885373469165904e-01
-3.911273316800564781e-01 9.844751938391604895e-01
-6.029829022323682786e-01 9.651991053129076459e-01
-4.478206704787064951e-01 8.804516974914192717e-01
-4.929075831291209187e-01 8.188437011817910616e-01
-4.802899625577548015e-01 8.751590815205142482e-01
-3.868762538741306045e-01 nan
-3.928504296742498791e-01 1.012300457644764506e+00
-4.453854777708836088e-01 7.944386790889167438e-01
-4.275662950533298812e-01 nan
nan 8.983916319371074710e-01
-5.472776202715383675e-01 9.096695203259318463e-01
-4.042807638207617238e-01 8.946169770408496369e-01
nan 7.436902080982970009e-01
nan 8.600371084585728410e-01
nan 9.257668018907843077e-01
-4.576013997951984269e-01 8.317088739924239915e-01
-4.135258663863141115e-01 7.766970244145977587e-01
-4.802188009409512071e-01 nan
-4.737964275424568217e-01 nan
-5.295021989743576851e-01 9.011055650204133904e-01
nan 8.349392762203178275e-01
-4.776094770595721850e-01 8.742251992818613759e-01
-6.031847351281569569e-01 9.883199996552483046e-01
-5.091758785239512974e-01 8.631747196357457685e-01
-5.768549539253532421e-01 8.027876576040078316e-01
-4.747657864389129845e-01 9.403744153005874074e-01
nan 8.965530104663700373e-01
-5.687889106414165674e-01 7.664010119467465909e-01
-5.150032340301541334e-01 8.814451455528535817e-01
nan 8.863893545376700933e-01
-5.150703506411083987e-01 8.190711203281189068e-01
-5.957871155463685398e-01 8.880392781955652737e-01
-5.229376831677429172e-01 7.690044009175009965e-01
nan 8.520223452770246952e-01
-5.617121067382597754e-01 7.873031127357745795e-01
-4.862731248894111014e-01 nan
-4.154538126696071809e-01 8.083530222570308732e-01
-5.899269398012513266e-01 9.428276940750892621e-01
-5.875841606525465943e-01 7.377765149297318414e-01
-5.478727424420626324e-01 8.155264223049816241e-01
-5.936771232756606897e-01 8.990922441586340907e-01
-5.552820825984779995e-01 7.269597788050828902e-01
-5.137506442035503218e-01 nan
-5.115280218128630541e-01 8.856483210551425733e-01
-5.616903483524451346e-01 7.272705066710829502e-01
-5.640562109469601237e-01 9.592255019273919769e-01
nan 8.945928711064393690e-01
-5.995539834487895181e-01 nan
nan 8.084684398889092627e-01
-6.194871776730266344e-01 8.448342486873194890e-01
-6.166853886340813995e-01 7.694069857767953380e-01
-5.897175171078173905e-01 8.103715149342713975e-01
-5.592135032566716291e-01 8.604415008669381582e-01
-5.139497816192629687e-01 7.517188676921027213e-01
-4.171394122118047831e-01 8.689082909912015928e-01
nan 8.584714858822934946e-01
-5.225404508975054485e-01 nan
-5.628827831994415165e-01 nan
-6.592114658922414439e-01 nan
nan 7.402066397509863283e-01
-5.919608369322831853e-01 nan
nan 9.166148899518696824e-01
-6.837478847029319073e-01 8.082931579003084233e-01
-5.963875834677175858e-01 8.373784089993645541e-01
-4.971147033464647924e-01 6.612697576068443661e-01
-6.290825172187174408e-01 6.936700198499168302e-01
-6.516213524589224981e-01 7.771982706855050660e-01
-5.669450134417051146e-01 8.736583387016108038e-01
-6.685658656116399978e-01 nan
-6.360748660020654199e-01 7.695677258307483948e-01
-6.072352365307268629e-01 6.740001474046362073e-01
-7.542952027433013074e-01 nan
nan 7.502899430501667188e-01
-5.004951042057526056e-01 8.730673678530809223e-01
-5.740794051038167201e-01 7.892506500734373098e-01
-5.691947974480555672e-01 8.818740467119481341e-01
-5.001290383811136664e-01 nan
-6.593542396221563351e-01 nan
-7.221433267233231534e-01 nan
-7.285252462274076635e-01 7.827359589246355442e-01
-7.834351827957435344e-01 nan
-6.925395556151446863e-01 nan
-5.785103456086949647e-01 8.374982776008040863e-01
-8.175689505385741462e-01 nan
-7.011887622824743982e-01 nan
-5.371555963730809680e-01 7.072051808091737168e-01
-5.396974946764330205e-01 7.412708167828460093e-01
nan 7.730223358545059709e-01
-7.379747084966428172e-01 6.906465861508008786e-01
-6.388555512055330565e-01 nan
-6.098758233305654475e-01 nan
-6.639455972453485177e-01 7.489369247999360102e-01
-6.793943510797234575e-01 7.150263510983047022e-01
-7.956596345990845087e-01 nan
-7.357740211654439921e-01 6.653465105810041358e-01
-7.933974147353961559e-01 6.139623216131707695e-01
-8.118701546037818684e-01 nan
-7.307744007784209295e-01 nan
-6.793841459057704535e-01 6.761079682172052019e-01
nan 7.777127751649509646e-01
-7.779141160318523429e-01 6.014876211324179378e-01
-5.865727866186752903e-01 7.449030263840922261e-01
-6.125403131237220355e-01 nan
-7.546886677024517986e-01 7.560611678772128919e-01
nan 5.844129455298959774e-01
nan 7.404727447794086093e-01
-7.995273262011506343e-01 7.415484638612303003e-01
-8.033271209210028907e-01 6.269326171987867902e-01
-6.033492693493616166e-01 nan
-7.169740882256843140e-01 6.578989724359133318e-01
nan 6.544160310373869915e-01
nan 7.104102876864439864e-01
nan 7.497160761326207012e-01
-7.834841385177092610e-01 nan
nan 6.277446792778828000e-01
nan 6.445050486966272807e-01
-6.561453202150151487e-01 6.523817525888798707e-01
nan 6.970351813099524563e-01
-7.349518415113848180e-01 6.509561026044826670e-01
-8.933814272045179639e-01 nan
-7.056310151091395033e-01 6.404205611272467680e-01
nan 6.647428723892274682e-01
nan 6.145981499037848073e-01
-6.836926309575448446e-01 7.207349451508082705e-01
-6.959216886893547782e-01 6.211229966277904690e-01
-6.882230804032262172e-01 7.688920773836415146e-01
-7.446393242459478090e-01 nan
-8.446428674909284284e-01 nan
nan 7.146234282846503083e-01
-6.924193335804864624e-01 8.304403173999986842e-01
nan 7.090189223399290253e-01
nan 6.398778489198697628e-01
-7.847633071678540295e-01 nan
-6.743212799161291127e-01 6.775673333847335167e-01
-7.391726628394172938e-01 6.825706679319802905e-01
-7.953686671165507427e-01 nan
-7.965953025284515654e-01 7.568175567665970105e-01
-7.207922635546755163e-01 nan
-8.112128928284650931e-01 7.090647498708527730e-01
nan 5.188598720351312865e-01
-7.586539207801555884e-01 6.285782053816386661e-01
nan 5.428734158692549716e-01
-8.454639369336156562e-01 7.569222581967394170e-01
-7.681816007064258267e-01 nan
-8.551287485138122646e-01 5.658862225158680648e-01
-7.547087416400456439e-01 6.677972394291398217e-01
-9.502327300593065296e-01 nan
-7.712762679686320233e-01 nan
-7.475890703956233896e-01 nan
-8.572423209690321899e-01 6.712963683080586108e-01
-7.791866824367544853e-01 7.103016219396071085e-01
nan 6.827514548473447853e-01
-7.851849761501843439e-01 5.450930318028441857e-01
-8.305692965917491621e-01 nan
nan 6.367431201648071637e-01
-8.730531941890723457e-01 nan
-7.517138874267436099e-01 nan
nan 5.147596976536149560e-01
-7.865708110149428611e-01 6.016307044798165915e-01
nan 7.086779367839953769e-01
-6.922542838350241867e-01 5.974250654160442320e-01
-8.929673736001023654e-01 6.035174728338230654e-01
-9.121056289456271893e-01 5.793361466481268263e-01
-8.288970916050776294e-01 nan
nan 5.421958334519185740e-01
-7.865747985572631995e-01 5.690711263606486048e-01
-6.680544149267925169e-01 5.662318431225967785e-01
nan 5.320405501597041953e-01
-9.853588572023617154e-01 6.458705686302153026e-01
-8.660109176401568076e-01 nan
-7.930641875127071305e-01 5.342418951280825112e-01
-8.707067999117715784e-01 4.564279145678816763e-01
nan 5.468345828467718883e-01
-8.853858704544921299e-01 6.755278205953358928e-01
-8.139731594988959262e-01 4.734740883994605909e-01
-9.174429182995230692e-01 6.689604781420126489e-01
-8.183446230651891806e-01 6.082868212428059751e-01
-8.905073097830276119e-01 5.775406474712648786e-01
-7.355144706850791358e-01 5.152048110267506420e-01
-7.930681576062074134e-01 4.663823693509756008e-01
-8.789887088144211491e-01 6.381430998761341566e-01
-7.454590760021951867e-01 nan
-7.462182318343706378e-01 nan
nan 6.318158569114159517e-01
nan 2.949941285811670255e-01
-9.384797240473439217e-01 5.652589875011388987e-01
-8.148645795203625086e-01 4.367165487287325010e-01
-7.215462355954214146e-01 nan
-8.466689281919038690e-01 4.911958360105723176e-01
-7.548331905732181824e-01 5.571514632564682490e-01
nan 5.343184868162734746e-01
-1.007864025371782546e+00 nan
-9.272803761954645507e-01 5.109748665386801836e-01
nan 5.328831618668559145e-01
nan 4.291877836551735159e-01
-7.706175841146714056e-01 5.395146121317593302e-01
-9.479637277911016069e-01 nan
-8.870362668286333463e-01 nan
-9.831797932846120247e-01 nan
nan 4.929523203404312937e-01
-8.710372993359095650e-01 4.389091866951249088e-01
-8.904947866538017731e-01 4.554896641019898218e-01
-9.717665779822928229e-01 nan
-8.549663840008895344e-01 nan
-8.115978552816661695e-01 nan
-9.529741257634971596e-01 4.173758384039296110e-01
-9.569297926086863804e-01 nan
-8.867031523666936144e-01 4.202063131378563909e-01
nan 3.322484623735901810e-01
-9.975616321189254565e-01 4.485831734505532076e-01
-8.192354148112633849e-01 4.811202556385624218e-01
-9.042815798044598896e-01 4.441212203050554086e-01
nan 3.223083830788001092e-01
-9.444379757735699155e-01 nan
-9.258550205112794362e-01 nan
nan 4.421050674647449275e-01
-9.408438200190438749e-01 5.172095822454791936e-01
nan 3.784125658689749261e-01
-9.247752762529132253e-01 4.715057322613587787e-01
-8.702411023514921018e-01 nan
nan 4.828733372123912848e-01
-9.743447765693228346e-01 3.983710647721374065e-01
-8.806028911266496895e-01 2.953314858956300748e-01
-1.011156745498973830e+00 4.740606478967032134e-01
-8.954000254243634771e-01 nan
nan 4.617946430186625206e-01
-9.188619091447016718e-01 3.172295798830419011e-01
-8.668425989046599778e-01 3.308480779509754277e-01
-8.119902310822753044e-01 3.811534098197942866e-01
nan 3.557301971741351210e-01
-9.292323742001546982e-01 nan
-1.015748691647643254e+00 4.538048230500508207e-01
-1.036603744278116634e+00 nan
-9.725410963022939059e-01 nan
-1.000953958261673549e+00 3.383909841099679849e-01
-8.863634209718693757e-01 3.507744338172866794e-01
-9.584063914316773847e-01 nan
nan 3.215824225462353136e-01
nan 3.230452850474346271e-01
nan 3.082972662773447170e-01
nan 2.011524784802193044e-01
-9.289687582668796351e-01 3.649790138689031904e-01
-9.867703490949006895e-01 3.387996618763549073e-01
nan 2.346354103768764077e-01
-9.363498230523612520e-01 2.652229351163091775e-01
nan 3.151810530719743042e-01
nan 2.983654189575848936e-01
-1.079856492873065399e+00 4.143833294993924943e-01
-8.802274113920878218e-01 3.731946717024007820e-01
-9.115831882300547973e-01 nan
nan 1.563378624604158107e-01
-1.035392227548560529e+00 nan
-8.356280098642890897e-01 nan
-9.188943856615638950e-01 3.351901560939720137e-01
-8.858578328355524167e-01 3.308760113162064198e-01
-8.848183295156751837e-01 4.121073671395653060e-01
nan 3.600204731207223841e-01
-9.019998503944716139e-01 2.897683850824093188e-01
-8.593137767654265291e-01 2.545753737221984059e-01
-9.526947978968055564e-01 2.356338857181909940e-01
nan 2.813822712652835900e-01
nan 3.422514058478209886e-01
-1.014881753502112183e+00 2.733436613711893171e-01
-9.985700752393212865e-01 3.188859386898024728e-01
nan 1.057857930261626028e-01
-9.841611568708191760e-01 2.334769132231719058e-01
-8.687351982652911087e-01 3.168718676093232878e-01
-8.416627620134075061e-01 nan
-1.016350447548722835e+00 2.969519891573951242e-01
-8.759808199757189717e-01 2.654862770397857785e-01
nan 2.361295331043405943e-01
nan 3.006213734610653776e-01
-9.006566904321275935e-01 2.459757435583886931e-01
nan 2.605281851400554904e-01
-1.027693260772893025e+00 3.351222978169670075e-01
-9.349345144914985584e-01 1.868289590735197903e-01
nan 2.308202348457646103e-01
-1.015029064678533599e+00 nan
-1.124913191480143126e+00 nan
nan 3.801614858583123868e-01
-9.722566743968399372e-01 2.309939473574137980e-01
-1.041201877635699491e+00 3.062651097244427079e-01
-9.444493728566273338e-01 nan
nan 3.310721583907170751e-01
-1.112053188261229009e+00 1.806846679202611106e-01
nan 1.785213110627733024e-01
-9.282294143343884363e-01 3.196965983892068874e-01
-9.904558895938512242e-01 1.596122359218969944e-01
-1.012594410229724851e+00 1.038693551453341996e-01
-8.339775507139862709e-01 2.941752666594780186e-01
-9.614850372683715340e-01 1.639335233135084946e-01
-9.654267862567434966e-01 1.894756950214024904e-01
-1.013043150722482855e+00 1.481385281459768055e-01
-9.759607659978721816e-01 2.210021682287273970e-01
-9.243929851345481508e-01 nan
-1.038040270442673219e+00 1.752497349638187096e-01
-1.005438297836557915e+00 2.394048286364083011e-01
-1.015555117729253887e+00 1.323436458028222906e-01
nan 2.098905305982149971e-01
-9.687147851563188139e-01 1.905555774107217937e-01
-9.241993600064906111e-01 2.443213163213130978e-01
-1.029499813253828000e+00 1.445284121813130047e-02
-1.010091354865781499e+00 nan
-1.134337621525778772e+00 2.344487516175207120e-01
-9.652748763003948795e-01 nan
nan 2.162815551955726001e-01
-9.022116827167456776e-01 9.637087925210080508e-02
-8.613258386005939737e-01 nan
-8.987251838892716949e-01 nan
nan 1.514508349125066045e-01
-9.481671485068725591e-01 nan
-1.037951490722059944e+00 nan
-8.826797554680192448e-01 1.912401375562770151e-02
-1.000392915240678970e+00 nan
-9.949645221586276289e-01 1.150495593964923069e-01
-9.987542918248354384e-01 9.581873138574430182e-02
-1.097626715021418731e+00 1.000494851394246043e-01
-1.079340783534698200e+00 5.206724674688040233e-02
-1.204785011520923765e+00 3.799281269622310081e-02
nan 9.194814290002299717e-02
nan 1.683646054527465907e-01
-1.101577566249560158e+00 1.379326728779876887e-01
-1.054448510712511666e+00 2.340296410840576047e-01
nan 9.417380052614469921e-02
-1.010002265215933503e+00 9.344140297414300564e-03
-1.020069771300298189e+00 1.186489280894128945e-01
-9.223469440295229971e-01 2.012488810691109853e-02
-1.028925975220491784e+00 1.553488854228894933e-01
nan 3.606606294440550114e-02
-9.685139719200942521e-01 9.098616509764320681e-02
-1.145868988327719329e+00 4.410016685418240157e-02
-9.481910840621055048e-01 1.896804826203978001e-01
nan 1.199358103175992979e-01
nan 9.528420820883949649e-02
-9.439417691962850299e-01 1.807596996667757139e-01
nan 1.401309914740798135e-01
nan 1.124875731090484027e-01
-9.884389922467595735e-01 nan
-8.630964549515246498e-01 -3.709912492082600034e-03
-9.449799813192664155e-01 nan
-1.100227485486462209e+00 nan
-9.665370627014804317e-01 3.587212788063599833e-03
-9.791484677380172252e-01 6.114998452014600190e-03
-1.016755354759697250e+00 nan
-1.005210321674278928e+00 2.929323644144810057e-02
-1.071502281374550725e+00 nan
-1.015309670877981629e+00 1.421767296116354939e-01
-1.044069683992991493e+00 2.114154623272684885e-01
-1.002955276723878741e+00 3.386774578630730170e-02
-1.081151122330733294e+00 2.758496652813680061e-02
-1.066442993722880317e+00 2.944473522507649876e-02
nan 8.508947486791930415e-02
-1.043047771422317638e+00 1.229331351543031942e-01
-1.024381028876799160e+00 -2.963165899818749963e-02
-1.015643636583043241e+00 -1.292485032414998902e-01
-9.752344787967924811e-01 nan
6.974225944968269475e-02 3.872010295184655781e-01
nan 4.937747913387490750e-01
1.602553566804940099e-02 4.716376534911225216e-01
5.590610849528999948e-02 4.978067541344239899e-01
nan 4.760515442758793125e-01
-3.055145785541850054e-02 nan
2.591253544325640076e-02 5.035531369931135481e-01
-5.746941818181000149e-04 nan
-7.065647918368039848e-02 3.721570445685321027e-01
2.480585574523780021e-02 4.643349988391662908e-01
nan 2.576001226446013037e-01
nan 3.347410049906341944e-01
-3.417643159093469718e-02 4.026830722967347231e-01
-1.056876338548790040e-02 nan
-1.976362619086910119e-02 4.169225616214071173e-01
-8.014980646029090661e-02 2.828833161917744810e-01
-1.018597877668279972e-02 3.446745793499563226e-01
-1.867894244748890056e-02 4.500687654792385750e-01
-5.798552393264699671e-03 nan
3.063735573034110163e-02 2.275455553551793131e-01
-5.017346714006500064e-02 4.653322139099396737e-01
-1.055528448190571067e-01 4.091630973360436130e-01
nan 4.046823005054502875e-01
nan 2.349264125036827910e-01
2.244878734129599970e-02 nan
nan 2.823768388907028082e-01
-5.488030254352779802e-02 nan
5.193413701360170137e-02 4.140566879511632936e-01
1.195339597669449055e-01 nan
1.032280317244786000e-01 2.319786317521781993e-01
nan 2.592751693392749135e-01
1.309422566765809995e-02 nan
2.809927773145020138e-02 nan
nan 2.193332476890136884e-01
nan 2.938017293577740996e-01
1.586987029145091044e-01 3.176411476866983219e-01
3.680375883678040083e-02 3.000238734130742935e-01
nan 2.923180275330092837e-01
nan 3.363134085267505125e-01
nan 1.898315626930097977e-01
4.376293402490030043e-02 nan
-4.223044177236579683e-02 nan
6.820428241548860682e-02 nan
nan 2.016999361100005883e-01
nan 1.491455406259656058e-01
5.482853718501499996e-02 2.290279612717094071e-01
4.501985175099230269e-02 nan
1.243589195020050053e-01 nan
nan 1.838129689685925050e-01
nan 2.514834881956923840e-01
1.668820473206499922e-03 2.071991334228107939e-01
1.031590500742299021e-01 1.974897936334011894e-01
1.253257440495222086e-01 1.620543317302338138e-01
5.719798279976000266e-02 2.451092495573161112e-01
3.737431094891349725e-02 7.865675047438260015e-02
nan 2.774421717886603744e-01
1.591668579481581025e-01 1.454754901077079110e-01
6.308505148721399620e-03 1.549541142772153102e-01
-5.156890040021999948e-04 3.580680634296540266e-02
1.213278289405719974e-02 1.474588339556617000e-01
6.341276110008349509e-02 2.027684792977033079e-01
nan 1.612597448797291055e-01
nan 6.837639745930150503e-02
1.144171545916121968e-01 1.626519673450528003e-01
nan 3.228357773482333770e-01
-1.181764651877370044e-02 nan
4.069928269562699853e-03 1.263015179082445927e-01
nan 1.848805920130741909e-01
1.246779287880528941e-01 1.256661813595613131e-01
4.000690868553880009e-02 9.893736244387579815e-02
-3.209623843442999786e-04 7.317218832703489828e-02
nan 1.722652240704760085e-01
7.211049130154040254e-02 -1.123021146374019938e-02
1.823588631341218902e-01 -6.585517735238440029e-02
2.214574388803260130e-02 9.901543289874670251e-02
2.613557002668150109e-02 8.913576197170759718e-02
2.186243631961382050e-01 -1.056061364069220063e-02
1.179380234131276045e-01 nan
nan -2.293068991937249890e-02
1.639444140390650950e-01 5.980071853119740127e-02
4.739147143163330300e-02 -1.349447347843280021e-02
1.458791406955116943e-01 -3.478980681943989739e-02
4.774884929673939987e-02 nan
1.057045001733525058e-01 6.096758388596069944e-02
3.672967248026590137e-02 -4.618460833847100322e-02
-2.849713424947359838e-02 nan
1.770086394113254968e-01 nan
nan 2.652626151977740057e-02
1.451146110155487057e-01 nan
2.232164271532836863e-01 -9.055377274998649417e-02
2.371244089419672074e-01 -2.095708192706801920e-01
1.271327500704436952e-01 3.274254312102140019e-02
1.559093720493041901e-01 -1.338048129566402900e-01
2.440791094992378063e-01 8.380309022914940453e-02
4.888911529726629873e-02 -1.824565556021370133e-02
1.838726705001461070e-01 nan
nan -1.940124769143516947e-01
1.450288732778984013e-01 5.810058297213200121e-03
1.974525899015419084e-01 nan
2.029753351097864089e-01 nan
9.863377864965940101e-02 -1.751097263442366048e-01
nan -1.513591680336180134e-01
nan -5.327159980803249789e-02
nan -3.935791984510599896e-03
2.638010586022371817e-01 nan
nan -9.404457466713810054e-02
1.840248509045870062e-01 -8.615212585486869967e-02
2.953569080289987214e-01 -8.811717633167900215e-03
1.950749666796328941e-01 -1.064260981166894049e-01
2.220179907423601995e-01 nan
2.752532848088496964e-01 -1.705146248185860081e-01
nan -1.082628614423676028e-01
nan -1.421473317669058878e-01
1.527607570469768916e-01 nan
2.302923078228470977e-01 nan
2.251763896006311882e-01 -2.366715901132643018e-01
nan -3.830991122653156222e-01
2.649458245042973226e-01 -1.927814543228953126e-01
nan -1.878100568850293028e-01
2.777690156485819184e-01 -2.660399407380962256e-01
3.054437986303367158e-01 -1.633373483865535880e-01
2.756806965340645177e-01 -2.402596818020726888e-01
2.731553634527473795e-01 -2.280471049276321105e-01
3.261480774354790224e-01 -1.566412157475174927e-01
nan -2.460039901942062956e-01
nan -6.421170236771739370e-02
3.492709602482282905e-01 nan
3.240741653143969225e-01 nan
3.295497422439764845e-01 -2.468576065490342974e-01
3.502042085108131864e-01 -9.438515792605660371e-02
nan -1.995699185195135006e-01
3.053080284350657148e-01 -2.413587424789400138e-01
4.015491624794669256e-01 -2.121263748197516064e-01
3.774596993315347815e-01 -2.125122787717501904e-01
3.637865108524778734e-01 -2.612795613406316830e-01
3.410109131262440973e-01 -1.571880646714043928e-01
4.032718577463427212e-01 -3.380868041772162047e-01
2.199949271925371874e-01 -2.309357700722824980e-01
3.496691890083538090e-01 -2.850775079901999853e-01
2.119654828526423007e-01 nan
nan -3.498239136266220739e-01
4.371264595812198173e-01 -2.335927405687655001e-01
3.464446718108232237e-01 -2.003033385894076868e-01
nan -2.813170662968060842e-01
4.724533647359340227e-01 -3.050437169398529935e-01
3.409662622803936172e-01 nan
nan -2.974994175170220800e-01
5.098981918861105189e-01 -3.637180568895267974e-01
4.240996354565559900e-01 -2.394278464428505060e-01
4.760179530083504806e-01 nan
4.683739853897818106e-01 nan
4.215411572310548971e-01 nan
4.147690933036736749e-01 nan
nan -3.545423005823160056e-01
3.603781700415559230e-01 -4.209057662179463977e-01
nan -2.511175307526541944e-01
nan -3.809909887791425032e-01
nan -4.572538702611553818e-01
nan -4.378809159876786983e-01
4.692823721614923782e-01 nan
nan -4.617286403924206195e-01
4.496308542036318023e-01 -3.191539347112968827e-01
5.977928469929126853e-01 -2.857099582429635798e-01
nan -4.188035227527208137e-01
4.070995191929521195e-01 -2.805067224387293168e-01
3.950167550689738238e-01 -3.224535919114093208e-01
5.120146294571643608e-01 -4.098860387136176175e-01
5.604492382327864730e-01 nan
5.681442250392478854e-01 nan
nan -4.772471494855221041e-01
4.758763259456592065e-01 -3.365300421935152886e-01
nan -3.298846467225586832e-01
4.897919964172078866e-01 -3.383566486151218800e-01
6.336575260776686758e-01 -4.347074183291644855e-01
5.821581423924429011e-01 -2.978222523222495144e-01
6.649732072340867051e-01 -4.899824040751448173e-01
6.250847484140414911e-01 -3.244161597236707162e-01
5.510468561573744761e-01 -3.803939062210229261e-01
5.920240890574530734e-01 nan
4.816009393940133831e-01 -3.605161456031963918e-01
5.940730786994963264e-01 -3.721492612022185842e-01
5.593148434940653502e-01 -3.468114672065726878e-01
5.647602958263356898e-01 nan
nan -4.183111380940092161e-01
3.940365070619186727e-01 nan
6.205531703825116763e-01 -4.408977357804468866e-01
nan -3.639353242450155124e-01
nan -3.187767747705119725e-01
5.751857954457789690e-01 -3.761762835781530812e-01
5.341712881055713513e-01 -4.169117471634615768e-01
7.217856327596279264e-01 -4.616903667456508931e-01
6.290789471652191711e-01 -4.780238961468563086e-01
nan -4.422465489996673105e-01
6.977617006067063921e-01 nan
6.285538184366281644e-01 -4.454372116665933912e-01
nan -3.840060629766597899e-01
6.578883748838181278e-01 nan
6.843822245459586506e-01 -4.308767785183896248e-01
6.894065368117364700e-01 nan
7.342768048248908830e-01 -4.615262610976020863e-01
6.608314649249054096e-01 -4.157566246561650858e-01
7.079228755545418084e-01 nan
6.506636125305350626e-01 -3.980056165095953724e-01
nan -4.421554607595570840e-01
6.545647082302528119e-01 -5.763822435956161838e-01
8.076250699897775664e-01 -6.270061473671676433e-01
nan -4.991692532094529899e-01
nan -3.849924501580492264e-01
7.892073303351609947e-01 -4.241332430952267085e-01
5.706029425617422657e-01 nan
6.914653036169192690e-01 -5.560953760235485266e-01
6.151522324913476503e-01 nan
nan -5.682670167095106306e-01
8.183496103103036212e-01 -4.907394113102834798e-01
nan -4.487269143803441773e-01
7.604440431998340522e-01 -4.969333525656763895e-01
7.538852010803884784e-01 -3.461267986123741092e-01
nan -4.435240944194399071e-01
9.072866155779417685e-01 -5.593548349571567657e-01
7.869587185634101534e-01 -3.706445261580971762e-01
7.734006257890368996e-01 nan
7.762554998537168904e-01 -4.383274193462101120e-01
8.739703952290281963e-01 nan
8.965933779089608757e-01 nan
nan -6.060571134819887629e-01
8.260337997741635796e-01 nan
9.211843656503602151e-01 -5.014143584896474382e-01
nan -4.578455301400757849e-01
9.081960626900847933e-01 -4.506338504447300886e-01
nan -5.109130480685754039e-01
1.034146584638354627e+00 -4.701064700553588827e-01
9.189891014554398829e-01 nan
8.561189919718857899e-01 nan
7.813824837996090622e-01 -4.205898999693030160e-01
9.475538003627951289e-01 nan
nan -4.825228884476053803e-01
nan -3.456575662986727249e-01
9.588363236892836206e-01 nan
8.922420056635856911e-01 -5.101068183473748130e-01
8.920254211594158544e-01 nan
9.370306350746625546e-01 nan
9.718888006920498590e-01 -3.317814158466215746e-01
9.130645846931176868e-01 -4.941211525696470042e-01
1.056561192781804381e+00 nan
9.729930596376442642e-01 -5.743697521331436739e-01
8.862190033114165644e-01 -5.700439903262713992e-01
1.019892768582495002e+00 -4.861605334497440256e-01
nan -4.092904971655090818e-01
9.738195553445643249e-01 -4.218598630499714730e-01
nan -4.735673342116413775e-01
9.177628242948238091e-01 -5.137040773968578611e-01
9.079997691207608579e-01 -5.483922416569593228e-01
8.765147053006768774e-01 -4.766948021479149866e-01
1.032210431254775518e+00 nan
nan -4.698620748659745883e-01
1.019799215092306754e+00 -5.253547771772553165e-01
8.971755528779949973e-01 -4.576006516719435813e-01
1.032807358826977717e+00 nan
1.115763241927161253e+00 nan
1.047609471302417328e+00 -5.528102661565786891e-01
1.084215620905916166e+00 -4.675768004141371836e-01
1.000111474726591565e+00 -3.998356713605513146e-01
nan -4.108072373727499893e-01
nan -6.047396512528193657e-01
1.150491286604325314e+00 -4.435429231398663186e-01
1.115307351643511691e+00 -5.084869529655592357e-01
1.048304348858450252e+00 -4.468907208166679190e-01
1.120140096950325015e+00 nan
1.133141642257363690e+00 -5.271984986440372278e-01
nan -4.362560649590552786e-01
1.093590074302304371e+00 -4.923675457701260916e-01
1.205896662004443787e+00 -4.284567944420190067e-01
1.070812653810181203e+00 nan
nan -5.373592013889317842e-01
1.001724624104516348e+00 nan
nan -4.854735607118271234e-01
1.190998724359145333e+00 nan
1.082466121994529740e+00 -3.861605203724001179e-01
1.152621493559600196e+00 -4.955174650151195070e-01
1.300361871547568215e+00 nan
9.972754729347192981e-01 nan
1.093283521245639989e+00 nan
1.240850462886720074e+00 -4.291597735501285760e-01
1.253283987189975246e+00 -4.857258416240228249e-01
1.194332343791598916e+00 -5.385254449921912379e-01
nan -3.335759466821814900e-01
1.132539827264763543e+00 nan
1.384570126528588130e+00 nan
1.311574367020806653e+00 -6.220642058258344376e-01
nan -4.863359918729425746e-01
1.244020178488388639e+00 nan
1.157027191299206947e+00 -4.944148754705955939e-01
1.338136346974113655e+00 nan
1.269820273721884885e+00 -3.986465525936170873e-01
nan -4.688010852135733875e-01
1.195526289867192782e+00 -5.833103912642974009e-01
1.275690972243626486e+00 -4.493941859111871273e-01
nan -4.188625580504921064e-01
nan -5.029141232389043870e-01
nan -5.741701916385607563e-01
nan -4.506510019013226231e-01
nan -3.490784740635489158e-01
1.283297975568474358e+00 -3.645049311470580089e-01
nan -5.090828068848191057e-01
1.346270267094967332e+00 nan
1.425093842239271602e+00 -4.863471922022701843e-01
1.465463575622013348e+00 nan
nan -3.799649494080177825e-01
1.317102067566618961e+00 -4.797005251477489129e-01
1.497119562227381406e+00 -2.840840867069019948e-01
nan -3.364134945482241124e-01
1.458716487885690860e+00 -3.994586124541528172e-01
1.425000574089623440e+00 nan
1.501758400283111250e+00 -3.896975801299070730e-01
1.308914197338503671e+00 -4.135057047005495923e-01
1.418867747928218570e+00 -4.193601226415030747e-01
1.358022698355295876e+00 -4.567728561335657189e-01
1.352670919876689082e+00 nan
1.430456512160312776e+00 nan
1.285295516003533534e+00 -5.579197943516225333e-01
1.456454186654875471e+00 nan
nan -3.432436939098735817e-01
1.473275138219129365e+00 nan
1.527414081036801985e+00 -2.951903730758904110e-01
1.381782429899910847e+00 -3.630432228079567003e-01
1.387808301539163347e+00 nan
nan -4.439142299883527820e-01
1.566565711447463149e+00 nan
1.561430814895637065e+00 nan
1.470725985862749274e+00 -3.904464445495787750e-01
1.511005576548175355e+00 -3.266717492162052872e-01
1.502665928906740556e+00 -4.251940966014360890e-01
1.405607442833922027e+00 -3.107548548731396965e-01
1.476902890076383201e+00 -4.230173664723658744e-01
1.503146346701316860e+00 -3.696329757311905273e-01
1.470700006225372336e+00 -3.829311915782758757e-01
nan -4.198201198420479230e-01
1.457505891247695029e+00 -2.810635768853871896e-01
1.545282062687801217e+00 -4.232955935530213765e-01
1.524765762833723448e+00 -3.608950907107273953e-01
1.601791537284454447e+00 -2.214146255441510058e-01
1.627820457930340359e+00 -4.878889547444367758e-01
nan -3.376747564247961075e-01
1.431066091742550617e+00 nan
1.636084979936976991e+00 -3.768280202914887078e-01
1.598917184717507878e+00 -2.653326784941477112e-01
1.657085317987208262e+00 -3.212146921434945734e-01
nan -3.616877793344069891e-01
1.582721235052932496e+00 nan
nan -2.734031542002465787e-01
1.591882985273392226e+00 -3.723008745477348058e-01
1.729727910824549797e+00 -3.508570541123003927e-01
1.467800167184924787e+00 nan
nan -3.383703659886233006e-01
nan -2.277324019842597025e-01
1.608826613983000975e+00 -2.523365126952882842e-01
nan -3.091957431047128724e-01
nan -2.304183988930408045e-01
1.604684750682904060e+00 -1.622421207814185862e-01
nan -1.490098212152133061e-01
1.668176250918666836e+00 -1.957076030653721044e-01
1.674202980778645378e+00 -3.077809085096765984e-01
1.594568098477869400e+00 nan
nan -8.868042428570120650e-02
1.757724374477733553e+00 -3.176193077956517841e-01
1.662027474645836778e+00 -2.197481148623992020e-01
nan -2.660331795151155143e-01
1.661331603120597133e+00 -1.401797030855541082e-01
1.721168314526864807e+00 -1.804863595942471921e-01
1.750872330118490305e+00 nan
1.675509937330509791e+00 -2.875907002310357230e-01
1.640813940498744294e+00 nan
1.685191872875623664e+00 -2.160797553485792055e-01
1.719155399181143018e+00 nan
nan -2.499514041628216887e-01
1.621320428077142939e+00 -2.607648171268838744e-01
1.758872298133979939e+00 -2.688893960915719750e-01
1.660456822536667376e+00 nan
1.783255250109603507e+00 -5.458217666045860061e-02
nan -2.660847531069799876e-01
1.844903791116026426e+00 -1.554647717359013137e-01
1.728920204034915642e+00 nan
1.749215811294787315e+00 nan
1.779877005413961433e+00 -1.115378935941071931e-01
1.785596453592617650e+00 -5.882014886489560224e-02
1.743682808273995244e+00 nan
1.751927940450522136e+00 -1.046211352836145941e-01
nan -8.537233962161329404e-02
1.803886513161398364e+00 -1.882497923113478910e-01
1.772335108517838487e+00 -2.300170060714966103e-01
1.661346443441016119e+00 -2.732944523076007992e-01
1.733633655568049825e+00 -3.604847634665910017e-02
1.676730614249394291e+00 -1.433782730770372937e-01
1.722767069540433127e+00 2.580140166413750005e-02
nan -1.915468248122025874e-01
1.768281516319598179e+00 -1.178084025795466949e-01
nan -2.151070963136849853e-02
1.931681352155889098e+00 -8.373110075077300207e-02
nan -1.925900263037426952e-01
1.813585770647594408e+00 -1.284307727024741885e-01
1.763936045395897656e+00 -1.153153859513206952e-01
1.866508976503589823e+00 -1.320661451156726895e-01
1.772775481168003875e+00 nan
nan -2.977566509572780046e-02
1.832623255493542658e+00 5.915525574309789952e-02
1.787646676181667171e+00 -7.467418018619230435e-02
nan -6.887372977407769936e-02
1.819943407625887355e+00 nan
1.798060817416837764e+00 -1.007519919358227933e-01
1.832509104668586630e+00 -6.872951228648430111e-02
1.908884583765602327e+00 -4.856216989208669843e-02
1.950601477440929266e+00 nan
1.856682073071275640e+00 nan
nan -1.435462927668708921e-01
1.848626660308519964e+00 -5.302106733321450271e-02
1.900737291001937779e+00 4.423803952763639968e-02
1.821150097176382543e+00 -7.873641503204610592e-02
1.977772727298724442e+00 7.730168774696639933e-02
1.794703387108532278e+00 -1.639181460107599995e-03
1.728196696828028678e+00 1.278007816654551931e-01
nan 6.849682426736999896e-02
1.830640577632347554e+00 nan
1.891632867607801360e+00 nan
nan -1.221498513719382062e-01
1.850612188754887866e+00 1.141640590731538007e-01
1.928651700832356708e+00 nan
1.855907701684534450e+00 nan
1.751954048831747990e+00 9.816347491660989966e-02
1.929456178457573667e+00 -1.552055843388139983e-02
nan 7.218954352717049661e-02
1.943693463387643261e+00 -7.693523098067620025e-02
1.940377299469944639e+00 5.357583459555800148e-02
nan -3.987716697127500348e-03
1.894597415767255155e+00 6.788639991817309316e-02
1.941540902310436856e+00 1.586018716215666924e-01
1.895207109233704612e+00 nan
1.995275274644742414e+00 1.257107213218338071e-01
2.019611038829163263e+00 5.855972988752559949e-02
1.890405922412720097e+00 1.033207220092546008e-01
1.812909141586897199e+00 5.962623158513540023e-02
2.008462762435961668e+00 nan
1.869917697796781075e+00 2.037299369903544932e-01
1.810953466826706659e+00 1.528257766652184879e-01
nan 1.018654130416525999e-01
2.085758603573881764e+00 1.361338156060148130e-01
1.868507160208089601e+00 9.183498280780830192e-02
1.894684761327343203e+00 2.490710046696157087e-01
nan 2.468072831990593130e-01
1.910437873777867779e+00 2.003781473206550923e-01
2.009335559649592540e+00 nan
nan 6.060147931969100087e-03
1.854785293910245603e+00 9.350672728689639335e-02
1.821449598694197647e+00 3.018714014730565220e-01
1.947337764364777124e+00 nan
1.989907029923065895e+00 1.206845253771803017e-01
1.904798844004967906e+00 2.140864695395205131e-01
nan 6.933897664850929843e-02
2.090900072828030698e+00 2.564517634667901058e-01
nan 1.929702024741047073e-01
2.060793587148487926e+00 nan
1.942525072863537705e+00 nan
2.054390314661054706e+00 2.243276439108519982e-01
2.101598101266672458e+00 2.933810422547177832e-01
1.943487175014745993e+00 2.602516983265196204e-01
nan 2.797332213806603129e-01
2.067058401588524497e+00 nan
nan 3.923310869700823988e-01
nan 3.758953954296155864e-01
2.006267572248366715e+00 nan
nan 2.677583854161688093e-01
1.929853244209142948e+00 1.942753708036006888e-01
nan 4.749056241964291214e-01
2.102430420423112345e+00 nan
nan 3.491773886394811122e-01
1.961715754045133098e+00 nan
1.956764169586891811e+00 4.362614585057436045e-01
nan 3.517950855798677168e-01
1.908970231945255724e+00 4.098480461837563094e-01
nan 3.668723660378587770e-01
1.820413954294958447e+00 nan
2.021746128467335701e+00 nan
nan 4.363011327262901751e-01
1.942481266080172242e+00 3.466584645355483829e-01
2.179264868671906719e+00 3.216543562482425123e-01
1.937485427133945004e+00 3.411380183005882083e-01
2.003649242722299384e+00 nan
1.880285967029290628e+00 nan
nan 3.592969693755552196e-01
1.983339515457000379e+00 nan
2.113255838899313233e+00 5.690555136248087731e-01
1.949055601290224704e+00 nan
1.966275932584585107e+00 5.449177219170013853e-01
2.043304890226664838e+00 4.643177551960974148e-01
1.963762404172075593e+00 nan
2.083110302445625450e+00 4.496394244440756194e-01
2.019385888142923413e+00 nan
nan 4.398644592411762866e-01
1.966403266057588306e+00 5.023973037395208507e-01
1.927996865368049262e+00 nan
1.850874269278112383e+00 3.636752728523466871e-01
2.012757883403437198e+00 3.850536666570554267e-01
